16382 16843 0 0 我
16843 17304 0 0 受
17304 17765 0 0 够
17765 18226 0 0 了
18226 19147 0 0 等
19147 20069 0 0 待
20069 20530 0 0 你
20530 20991 0 0 所
20991 21452 0 0 谓
21452 21912 0 0 的
21912 22834 0 0 安
22834 24217 0 1 排
25132 25593 1 0 说
25593 26054 1 0 的
26054 26515 1 0 未
26515 26976 1 0 来
26976 27436 1 0 到
27436 27897 1 0 底
27897 28358 1 0 多
28358 28819 1 0 久
28819 29280 1 0 才
29280 30662 1 1 来
31121 31582 2 0 总
31582 32043 2 0 是
32043 32503 2 0 要
32503 32964 2 0 来
32964 33886 2 0 不
33886 34808 2 0 及
34808 35268 2 0 才
35268 35729 2 0 知
35729 36190 2 0 道
36190 36651 2 0 我
36651 37573 2 0 可
37573 38955 2 1 爱
39872 40333 3 0 我
40333 40793 3 0 想
40793 41254 3 0 依
41254 41715 3 0 赖
41715 42176 3 0 而
42176 42637 3 0 你
42637 43098 3 0 却
43098 43558 3 0 都
43558 44019 3 0 不
44019 44480 3 1 在
44900 45361 4 0 应
45361 45822 4 0 该
45822 46282 4 0 开
46282 46743 4 0 心
46743 47204 4 0 的
47204 47665 4 0 地
47665 48126 4 1 带
48618 49078 5 0 你
49078 49538 5 0 给
49538 49998 5 0 的
49998 50458 5 0 全
50458 50917 5 0 是
50917 51377 5 0 空
51377 51837 5 1 白
52342 52801 6 0 一
52801 53261 6 0 个
53261 53721 6 0 人
53721 54181 6 0 假
54181 54640 6 0 日
54640 55100 6 0 发
55100 55560 6 1 呆
55653 56113 7 0 找
56113 56573 7 0 不
56573 57032 7 0 到
57032 57492 7 0 人
57492 57952 7 0 陪
57952 58412 7 0 我
58412 58871 7 0 看
58871 59331 7 1 海
59622 60082 8 0 我
60082 60541 8 0 在
60541 61001 8 0 幸
61001 61461 8 0 福
61461 61921 8 0 的
61921 62381 8 0 门
62381 62840 8 1 外
63418 63878 9 0 却
63878 64338 9 0 一
64338 64797 9 0 直
64797 65257 9 0 都
65257 65717 9 0 进
65717 66177 9 0 不
66177 66636 9 1 来
67055 67515 10 0 你
67515 67975 10 0 累
67975 68435 10 0 积
68435 68894 10 0 给
68894 69354 10 0 的
69354 69814 10 0 伤
69814 70274 10 1 害
70366 70825 11 0 我
70825 71285 11 0 是
71285 71745 11 0 真
71745 72205 11 0 的
72205 72665 11 0 很
72665 72894 11 0 难
72894 73354 11 0 释
73354 74044 11 1 怀
74049 74509 12 0 终
74509 74738 12 0 于
74738 75198 12 0 看
75198 75658 12 0 开
75658 76118 12 0 爱
76118 76578 12 0 回
76578 77037 12 0 不
77037 77727 12 1 来
77728 78188 13 0 而
78188 78418 13 0 你
78418 78877 13 0 总
78877 79337 13 0 是
79337 79797 13 0 太
79797 80257 13 0 晚
80257 80716 13 0 明
80716 81406 13 1 白
81406 81866 14 0 最
81866 82096 14 0 后
82096 82556 14 0 才
82556 83015 14 0 把
83015 83475 14 0 话
83475 83935 14 0 说
83935 85084 14 1 开
85084 85544 15 0 哭
85544 85774 15 0 着
85774 86234 15 0 求
86234 86693 15 0 我
86693 87153 15 0 留
87153 87613 15 0 下
87613 88762 15 1 来
88762 89222 16 0 终
89222 89452 16 0 于
89452 89912 16 0 看
89912 90372 16 0 开
90372 90831 16 0 爱
90831 91291 16 0 回
91291 91751 16 0 不
91751 92441 16 1 来
92441 92900 17 0 我
92900 93130 17 0 们
93130 93590 17 0 面
93590 94050 17 0 前
94050 94510 17 0 太
94510 94969 17 0 多
94969 95429 17 0 阻
95429 96119 17 1 碍
96119 96579 18 0 你
96579 96808 18 0 的
96808 97268 18 0 手
97268 97728 18 0 却
97728 98188 18 0 放
98188 98648 18 0 不
98648 99337 18 1 开
99420 99650 19 0 宁
99650 100110 19 0 愿
100110 100340 19 0 没
100340 100799 19 0 出
100799 101489 19 0 息
101489 101719 19 0 求
101719 101949 19 0 我
101949 102409 19 0 别
102409 102868 19 0 离
102868 105167 19 1 开
119537 119997 20 0 你
119997 120457 20 0 总
120457 120916 20 0 是
120916 121376 20 0 要
121376 122296 20 0 我
122296 123215 20 0 乖
123215 123675 20 0 慢
123675 124135 20 0 慢
124135 124595 20 0 计
124595 125054 20 0 划
125054 125974 20 0 将
125974 127353 20 1 来
128294 128753 21 0 我
128753 129213 21 0 的
129213 129673 21 0 眼
129673 130133 21 0 泪
130133 130593 21 0 却
130593 131052 21 0 一
131052 131512 21 0 直
131512 131972 21 0 掉
131972 132432 21 0 下
132432 133811 21 1 来
134114 134573 22 0 过
134573 135033 22 0 去
135033 135493 22 0 怎
135493 135953 22 0 么
135953 136872 22 0 交
136872 137792 22 0 代
137792 138252 22 0 你
138252 138711 22 0 该
138711 139171 22 0 给
139171 139631 22 0 的
139631 140550 22 0 信
140550 141930 22 1 赖
142921 143381 23 0 被
143381 143841 23 0 你
143841 144301 23 0 亲
144301 144760 23 0 手
144760 145220 23 0 缓
145220 145680 23 0 缓
145680 146140 23 0 推
146140 146599 23 0 入
146599 147059 23 0 悬
147059 147519 23 1 崖
148022 148482 24 0 从
148482 148941 24 0 我
148941 149401 24 0 脸
149401 149861 24 0 上
149861 150321 24 0 的
150321 150780 24 0 苍
150780 151240 24 1 白
151672 152132 25 0 看
152132 152591 25 0 到
152591 153051 25 0 记
153051 153511 25 0 忆
153511 153971 25 0 慢
153971 154431 25 0 下
154431 154890 25 1 来
155292 155752 26 0 过
155752 156212 26 0 去
156212 156671 26 0 甜
156671 157131 26 0 蜜
157131 157591 26 0 在
157591 158051 26 0 倒
158051 158510 26 1 带
158600 159060 27 0 只
159060 159520 27 0 是
159520 159980 27 0 感
159980 160440 27 0 觉
160440 160899 27 0 已
160899 161359 27 0 经
161359 161819 27 0 不
161819 162279 27 1 在
162594 163056 28 0 而
163056 163517 28 0 我
163517 163979 28 0 对
163979 164440 28 0 你
164440 164902 28 0 的
164902 165363 28 0 期
165363 165825 28 1 待
166301 166763 29 0 被
166763 167225 29 0 你
167225 167686 29 0 一
167686 168148 29 0 次
168148 168609 29 0 次
168609 169071 29 0 摔
169071 169532 29 1 坏
170089 170550 30 0 已
170550 171012 30 0 经
171012 171473 30 0 碎
171473 171935 30 0 成
171935 172396 30 0 太
172396 172858 30 0 多
172858 173320 30 1 块
173341 173802 31 0 要
173802 174264 31 0 怎
174264 174725 31 0 么
174725 175187 31 0 拼
175187 175648 31 0 凑
175648 175879 31 0 跟
175879 176341 31 0 重
176341 177033 31 1 来
177071 177532 32 0 终
177532 177763 32 0 于
177763 178225 32 0 看
178225 178686 32 0 开
178686 179148 32 0 爱
179148 179609 32 0 回
179609 180071 32 0 不
180071 180763 32 1 来
180775 181237 33 0 而
181237 181467 33 0 你
181467 181929 33 0 总
181929 182391 33 0 是
182391 182852 33 0 太
182852 183314 33 0 晚
183314 183775 33 0 明
183775 184467 33 1 白
184473 184932 34 0 最
184932 185161 34 0 后
185161 185619 34 0 才
185619 186077 34 0 把
186077 186535 34 0 话
186535 186993 34 0 说
186993 188138 34 1 开
188142 188600 35 0 哭
188600 188829 35 0 着
188829 189287 35 0 求
189287 189745 35 0 我
189745 190203 35 0 留
190203 190661 35 0 下
190661 191806 35 1 来
191807 192268 36 0 终
192268 192499 36 0 于
192499 192961 36 0 看
192961 193422 36 0 开
193422 193884 36 0 爱
193884 194345 36 0 回
194345 194807 36 0 不
194807 195499 36 1 来
195500 195962 37 0 我
195962 196192 37 0 们
196192 196654 37 0 面
196654 197115 37 0 前
197115 197577 37 0 太
197577 198039 37 0 多
198039 198500 37 0 阻
198500 199192 37 1 碍
199192 199654 38 0 你
199654 199885 38 0 的
199885 200346 38 0 手
200346 200808 38 0 却
200808 201269 38 0 放
201269 201731 38 0 不
201731 202423 38 1 开
202572 202803 39 0 宁
202803 203264 39 0 愿
203264 203495 39 0 没
203495 203957 39 0 出
203957 204649 39 0 息
204649 204880 39 0 求
204880 205110 39 0 我
205110 205572 39 0 别
205572 206033 39 0 离
206033 208313 39 1 开
210105 210567 40 0 终
210567 210798 40 0 于
210798 211259 40 0 看
211259 211721 40 0 开
211721 212182 40 0 爱
212182 212644 40 0 回
212644 213105 40 0 不
213105 213798 40 1 来
213840 214301 41 0 而
214301 214532 41 0 你
214532 214993 41 0 总
214993 215455 41 0 是
215455 215917 41 0 太
215917 216378 41 0 晚
216378 216840 41 0 明
216840 217532 41 1 白
217561 218022 42 0 最
218022 218253 42 0 后
218253 218715 42 0 才
218715 219176 42 0 把
219176 219638 42 0 话
219638 220099 42 0 说
220099 221253 42 1 开
221260 221722 43 0 哭
221722 221953 43 0 着
221953 222414 43 0 求
222414 222876 43 0 我
222876 223337 43 0 留
223337 223799 43 0 下
223799 224953 43 1 来
224958 225419 44 0 终
225419 225650 44 0 于
225650 226111 44 0 看
226111 226573 44 0 开
226573 227034 44 0 爱
227034 227496 44 0 回
227496 227958 44 0 不
227958 228650 44 1 来
228652 229113 45 0 我
229113 229344 45 0 们
229344 229806 45 0 面
229806 230267 45 0 前
230267 230729 45 0 太
230729 231190 45 0 多
231190 231652 45 0 阻
231652 232344 45 1 碍
232360 232822 46 0 你
232822 233053 46 0 的
233053 233514 46 0 手
233514 233976 46 0 却
233976 234437 46 0 放
234437 234899 46 0 不
234899 235591 46 1 开
235631 235862 47 0 宁
235862 236323 47 0 愿
236323 236554 47 0 没
236554 237015 47 0 出
237015 237708 47 0 息
237708 237938 47 0 求
237938 238169 47 0 我
238169 238631 47 0 别
238631 239092 47 0 离
239092 242323 47 1 开
